Current grouping:
[ 0, 8, 9, 12, 16, 26 ]
[ 5, 15, 19, 6, 2, 10 ]
[ 14, 18, 25, 29, 22, 24 ]
[ 23, 28, 7, 4, 11, 1 ]
[ 3, 20, 13, 21, 27, 17 ]
Q for current grouping: 1663
All L: [ 4.108108108108109,
  3.9000000000000004,
  2.7,
  3.7916666666666665,
  3.444444444444444,
  3.972222222222222,
  3.7368421052631575,
  3.375,
  3.0454545454545454,
  3.020833333333333,
  2.9473684210526314,
  3.810810810810811,
  4.027777777777778,
  3.1891891891891895,
  2.9166666666666665,
  2.3783783783783785,
  3.148148148148148,
  3.789473684210526,
  4.023255813953488,
  3.2093023255813953,
  2.4473684210526314,
  2.756756756756757,
  2.6956521739130435,
  4.518518518518518,
  3.911764705882353,
  3.59375,
  3.21875,
  2.6923076923076925,
  2.6666666666666665,
  4.307692307692308 ]
pretenders [ 12, 13, 18, 19 ]
Delta for 12: 1.5370370370370363
Delta for 13: 0.6526526526526526
Delta for 18: 1.9190353143841508
Delta for 19: 1.8966408268733845
Max DeltaL: 1.9190353143841508
<------------------->
23 and 18 switched
Q for current grouping: 1603
Current grouping:
[ 0, 8, 9, 12, 16, 26 ]
[ 5, 15, 19, 6, 2, 10 ]
[ 14, 18, 25, 29, 22, 24 ]
[ 1, 28, 7, 4, 11, 23 ]
[ 3, 20, 13, 21, 27, 17 ]
All L: [ 4.108108108108109,
  3.45,
  2.7,
  3.708333333333333,
  3.194444444444444,
  3.972222222222222,
  3.7368421052631575,
  3.375,
  3.0454545454545454,
  3.020833333333333,
  2.9473684210526314,
  3.4054054054054057,
  3.888888888888889,
  3.027027027027027,
  2.9166666666666665,
  2.2972972972972974,
  2.7037037037037037,
  3.657894736842105,
  3.1111111111111107,
  3.488372093023256,
  2.5,
  2.72972972972973,
  2.891304347826087,
  3.511627906976744,
  3.3235294117647056,
  3.78125,
  3.25,
  2.576923076923077,
  2.6666666666666665,
  4.307692307692308 ]
pretenders [ 12, 13, 18, 19 ]
Delta for 12: -0.26068376068375976
Delta for 13: -0.1538461538461533
Delta for 18: -0.09971509971509906
Delta for 19: 0.6636851520572451
Max DeltaL: 0.6636851520572451
<------------------->
29 and 19 switched
Q for current grouping: 1598
Current grouping:
[ 0, 8, 9, 12, 16, 26 ]
[ 5, 15, 19, 6, 2, 10 ]
[ 14, 18, 25, 29, 22, 24 ]
[ 1, 17, 7, 4, 11, 23 ]
[ 3, 20, 13, 21, 27, 28 ]
All L: [ 4.378378378378379,
  2.7,
  3,
  3.708333333333333,
  3.194444444444444,
  3.888888888888889,
  3.7368421052631575,
  3.5,
  3.0454545454545454,
  3.1041666666666665,
  2.8421052631578947,
  3.4054054054054057,
  3.6111111111111107,
  3.027027027027027,
  2.9166666666666665,
  2.3243243243243246,
  2.7037037037037037,
  3.3421052631578947,
  3.1111111111111107,
  2.9230769230769234,
  2.81578947368421,
  2.7027027027027026,
  2.8260869565217392,
  3.2325581395348837,
  3.588235294117647,
  3.59375,
  3.15625,
  2.576923076923077,
  3.1111111111111107,
  4.209302325581396 ]
pretenders [ 6, 7, 12, 13 ]
Delta for 6: -0.4950213371265999
Delta for 7: -0.0108108108108107
Delta for 12: -0.7807807807807805
Delta for 13: -0.1621621621621614
Max DeltaL: -0.0108108108108107
<------------------->
