Current grouping:
[ 0, 8, 9, 12, 16, 26, 5, 15, 19, 6 ]
[ 2, 10, 14, 18, 25, 29, 22, 24, 23, 28 ]
[ 7, 4, 11, 1, 3, 20, 13, 21, 27, 17 ]
Q for current grouping: 1911
All L: [ 4.837837837837838,
  4.15,
  3.7666666666666666,
  3.375,
  3.5555555555555554,
  3.388888888888889,
  3.4210526315789473,
  4.05,
  3.7272727272727275,
  5.5625,
  5.789473684210526,
  4.135135135135135,
  3.8055555555555554,
  2.3783783783783785,
  3.25,
  2.621621621621622,
  3.0370370370370368,
  2.8684210526315788,
  4,
  5.232558139534883,
  5.605263157894736,
  5.054054054054054,
  3.652173913043478,
  3.259259259259259,
  3.0588235294117645,
  3.625,
  2.90625,
  2.769230769230769,
  2.962962962962963,
  4.961538461538462 ]
pretenders [ 12, 13 ]
Delta for 12: 0.1228070175438587
Delta for 13: 0.9900426742532007
Max DeltaL: 0.9900426742532007
<------------------->
10 and 13 switched
Q for current grouping: 1917
Current grouping:
[ 0, 8, 9, 12, 16, 26, 5, 15, 19, 6 ]
[ 18, 10, 14, 2, 25, 29, 22, 24, 23, 28 ]
[ 7, 4, 11, 1, 3, 20, 13, 21, 27, 17 ]
All L: [ 4.675675675675676,
  4.1000000000000005,
  3.9,
  3.375,
  3.5555555555555554,
  3.638888888888889,
  3.4210526315789473,
  3.825,
  3.7272727272727275,
  5.5625,
  3.756756756756757,
  4.054054054054054,
  3.888888888888889,
  3.4210526315789473,
  3.083333333333333,
  2.945945945945946,
  2.9259259259259256,
  2.8684210526315788,
  4,
  5.023255813953488,
  5.605263157894736,
  4.972972972972974,
  3.5869565217391304,
  3.4814814814814814,
  3.411764705882353,
  3.625,
  3,
  2.769230769230769,
  3.074074074074074,
  4.846153846153847 ]
pretenders [ 11, 12, 21, 22 ]
Delta for 11: -0.5661450924608822
Delta for 12: -0.3099415204678362
Delta for 21: 0.007112375533428583
Delta for 22: -0.32036613272311154
Max DeltaL: 0.007112375533428583
<------------------->
