Current grouping:
[ 0, 8, 9, 12, 16 ]
[ 26, 5, 15, 19, 6 ]
[ 2, 10, 14, 18, 25 ]
[ 29, 22, 24, 23, 28 ]
[ 7, 4, 11, 1, 3 ]
[ 20, 13, 21, 27, 17 ]
Q for current grouping: 1560
All L: [ 4.054054054054054,
  3.7,
  2.7,
  3.7916666666666665,
  4.166666666666666,
  3,
  3.1052631578947367,
  2.875,
  2.272727272727273,
  3.7291666666666665,
  3.4736842105263155,
  2.486486486486487,
  2.472222222222222,
  3.027027027027027,
  3.4166666666666665,
  3,
  2.2962962962962963,
  2.5789473684210527,
  2.6511627906976742,
  3.1627906976744184,
  3.289473684210526,
  3.540540540540541,
  3.0217391304347827,
  2.444444444444444,
  3.411764705882353,
  4.53125,
  3.03125,
  2.5384615384615388,
  2.8518518518518516,
  3.7692307692307696 ]
pretenders [ 10, 11, 15, 16 ]
Delta for 10: -1.1085526315789478
Delta for 11: -1.315878378378378
Delta for 15: -0.7263513513513518
Delta for 16: 0.15277777777777768
Max DeltaL: 0.15277777777777768
<------------------->
25 and 16 switched
Q for current grouping: 1549
Current grouping:
[ 0, 8, 9, 12, 16 ]
[ 26, 5, 15, 19, 6 ]
[ 2, 10, 14, 18, 25 ]
[ 29, 20, 24, 23, 28 ]
[ 7, 4, 11, 1, 3 ]
[ 22, 13, 21, 27, 17 ]
All L: [ 4,
  3.7,
  2.7,
  3.7916666666666665,
  4.083333333333333,
  3,
  3.1052631578947367,
  3.1750000000000003,
  2.1363636363636362,
  3.4791666666666665,
  3.631578947368421,
  2.486486486486487,
  2.388888888888889,
  3.1891891891891895,
  3.333333333333333,
  3.1081081081081083,
  3.15625,
  2.3421052631578947,
  2.7906976744186047,
  3.1627906976744184,
  3.2368421052631575,
  3.486486486486487,
  2.9565217391304346,
  2.444444444444444,
  3.3529411764705883,
  3.518518518518518,
  3,
  2.5384615384615388,
  2.888888888888889,
  3.8461538461538463 ]
pretenders [ 10, 11 ]
Delta for 10: -0.11403508771929882
Delta for 11: -1.2447447447447453
Max DeltaL: -0.11403508771929882
<------------------->
