Current grouping:
[ 0, 8, 9 ]
[ 12, 16, 26 ]
[ 5, 15, 19 ]
[ 6, 2, 10 ]
[ 14, 18, 25 ]
[ 29, 22, 24 ]
[ 23, 28, 7 ]
[ 4, 11, 1 ]
[ 3, 20, 13 ]
[ 21, 27, 17 ]
Q for current grouping: 1676
All L: [ 4.648648648648649,
  4.1000000000000005,
  3.6999999999999997,
  3.875,
  3.888888888888889,
  3.222222222222222,
  3.1052631578947367,
  3.4250000000000003,
  3.8181818181818183,
  3.6041666666666665,
  2.526315789473684,
  2.810810810810811,
  2.9166666666666665,
  3.2972972972972974,
  3.138888888888889,
  2.621621621621622,
  2.3703703703703702,
  3.31578947368421,
  3.1162790697674416,
  3.0697674418604652,
  3.0789473684210527,
  3.486486486486487,
  3.2391304347826084,
  3.4814814814814814,
  3.8235294117647056,
  3.59375,
  3.46875,
  3.384615384615385,
  3.518518518518518,
  4.307692307692308 ]
pretenders [ 9, 10, 12, 13 ]
Delta for 9: -0.7162162162162158
Delta for 10: -1.638691322901849
Delta for 12: -1.4729729729729728
Delta for 13: -0.5945945945945947
Max DeltaL: -0.5945945945945947
<------------------->
